393.556,181.487,241.458
393.556,181.487,241.458
393.556,181.487,241.458
393.556,181.487,241.458
393.556,181.487,241.458
393.556,181.487,241.458
393.556,181.487,241.458
393.556,181.487,241.458
393.556,181.487,241.458
393.556,181.487,241.458
393.556,181.487,241.458
393.556,181.487,241.458
393.556,181.487,241.458
393.556,181.487,241.458
393.556,181.487,241.458
393.556,181.487,241.458
393.556,181.487,241.458
393.556,181.487,241.458
393.556,181.487,241.458
393.556,181.487,241.458
393.556,181.487,241.458
393.556,181.487,241.458
393.556,181.487,241.458
393.556,181.487,241.458
393.556,181.487,241.458
393.556,181.487,241.458
393.556,181.487,241.458
393.556,181.487,241.458
393.556,181.487,241.458
393.556,181.487,241.458
393.556,181.487,241.458
393.556,181.487,241.458
393.556,181.487,241.458
393.556,181.487,241.458
393.556,181.487,241.458
393.556,181.487,241.458
393.556,181.487,241.458
393.556,181.487,241.458
393.556,181.487,241.458
393.556,181.487,241.458
393.556,181.487,241.458
393.556,181.487,241.458
393.556,181.487,241.458
393.556,181.487,241.458
393.556,181.487,241.458
393.556,181.487,241.458
393.556,181.487,241.458
393.556,181.487,241.458
393.556,181.487,241.458
393.556,181.487,241.458
393.556,181.487,241.458
393.556,181.487,241.458
393.556,181.487,241.458
393.556,181.487,241.458
393.556,181.487,241.458
393.556,181.487,241.458
393.556,181.487,241.458
393.556,181.487,241.458
393.556,181.487,241.458
393.556,181.487,241.458
393.556,181.487,241.458
393.556,181.487,241.458
393.556,181.487,241.458
393.556,181.487,241.458
393.556,181.487,241.458
393.556,181.487,241.458
393.556,181.487,241.458
393.556,181.487,241.458
393.556,181.487,241.458
393.556,181.487,241.458
393.556,181.487,241.458
393.556,181.487,241.458
393.556,181.487,241.458
393.556,181.487,241.458
393.556,181.487,241.458
393.556,181.487,241.458
393.556,181.487,241.458
393.556,181.487,241.458
393.556,181.487,241.458
393.556,181.487,241.458
393.556,181.487,241.458
393.556,181.487,241.458
393.556,181.487,241.458
393.556,181.487,241.458
393.556,181.487,241.458
393.556,181.487,241.458
393.556,181.487,241.458
393.556,181.487,241.458
393.556,181.487,241.458
393.556,181.487,241.458
393.556,181.487,241.458
393.556,181.487,241.458
393.556,181.487,241.458
393.556,181.487,241.458
393.556,181.487,241.458
393.556,181.487,241.458
393.556,181.487,241.458
393.556,181.487,241.458
393.556,181.487,241.458
393.556,181.487,241.458
393.556,181.487,241.458
393.556,181.487,241.458
393.556,181.487,241.458
393.556,181.487,241.458
393.556,181.487,241.458
393.556,181.487,241.458
393.556,181.487,241.458
393.556,181.487,241.458
393.556,181.487,241.458
393.556,181.487,241.458
393.556,181.297,241.541
393.573,180.971,241.707
393.599,180.664,241.903
393.638,180.351,242.158
393.680,180.066,242.451
393.716,179.785,242.795
393.749,179.487,243.180
393.789,179.189,243.531
393.873,178.796,243.973
393.990,178.406,244.347
394.174,177.953,244.747
394.445,177.376,245.208
394.651,176.976,245.509
394.887,176.498,245.828
395.073,176.101,246.067
395.235,175.734,246.255
395.393,175.362,246.407
395.558,175.022,246.532
395.726,174.709,246.630
395.921,174.418,246.703
396.121,174.174,246.735
396.491,173.901,246.695
396.759,173.793,246.634
397.078,173.729,246.549
397.337,173.702,246.466
397.636,173.693,246.369
398.012,173.696,246.243
398.364,173.678,246.120
398.711,173.643,246.002
399.058,173.585,245.885
399.442,173.503,245.752
399.767,173.423,245.629
400.140,173.314,245.483
400.442,173.227,245.359
400.729,173.170,245.256
401.005,173.132,245.163
401.254,173.122,245.082
401.468,173.125,245.020
401.606,173.132,244.988
401.832,173.167,244.939
401.971,173.211,244.915
402.059,173.254,244.911
402.140,173.293,244.906
402.194,173.322,244.906
402.227,173.340,244.906
402.259,173.360,244.911
402.277,173.375,244.920
402.295,173.388,244.937
402.325,173.397,244.972
402.361,173.394,245.015
402.395,173.379,245.075
402.462,173.335,245.161
402.532,173.286,245.237
402.612,173.222,245.313
402.697,173.164,245.370
402.803,173.102,245.436
402.894,173.066,245.478
403.004,173.047,245.517
403.095,173.062,245.525
403.158,173.077,245.525
403.223,173.106,245.510
403.246,173.113,245.501
403.251,173.104,245.482
403.257,173.093,245.458
403.264,173.082,245.434
403.281,173.069,245.408
403.300,173.052,245.385
403.316,173.025,245.360
403.338,172.989,245.336
403.381,172.931,245.326
403.468,172.785,245.277
403.581,172.610,245.219
403.718,172.411,245.147
403.829,172.257,245.080
403.927,172.124,245.010
404.032,171.997,244.909
404.135,171.891,244.808
404.229,171.800,244.688
404.316,171.755,244.569
404.392,171.728,244.460
404.508,171.720,244.362
404.680,171.704,244.282
405.008,171.657,244.083
405.170,171.663,243.879
405.272,171.684,243.748
405.270,171.686,243.739
405.267,171.691,243.741
405.283,171.731,243.720
405.297,171.741,243.720
405.319,171.755,243.720
405.342,171.785,243.710
405.364,171.830,243.689
405.398,171.889,243.665
405.437,171.956,243.638
405.489,172.050,243.592
405.539,172.131,243.561
405.609,172.242,243.521
405.699,172.416,243.451
405.862,172.659,243.366
406.029,172.923,243.282
406.195,173.210,243.189
406.373,173.531,243.088
406.537,173.809,243.010
406.705,174.025,242.971
406.864,174.160,242.965
407.018,174.263,242.975
407.181,174.308,243.033
407.228,174.280,243.094
407.245,174.211,243.246
407.204,174.142,243.396
407.033,173.965,243.609
406.623,173.638,243.822
406.333,173.432,243.889
406.077,173.253,243.922
405.776,173.034,243.942
405.467,172.815,243.939
405.167,172.610,243.936
404.883,172.429,243.929
404.657,172.297,243.920
404.442,172.165,243.917
404.211,172.043,243.904
404.008,171.972,243.872
403.899,171.972,243.857
403.783,171.948,243.828
403.652,171.917,243.777
403.640,171.921,243.771
403.636,171.929,243.765
403.634,171.933,243.762
403.641,171.937,243.762
403.648,171.941,243.762
403.642,171.952,243.752
403.623,171.968,243.737
403.605,171.983,243.721
403.572,171.990,243.706
403.542,171.993,243.693
403.500,172.000,243.675
403.472,172.015,243.657
403.444,172.031,243.638
403.431,172.054,243.620
403.429,172.058,243.617
403.426,172.062,243.614
403.425,172.064,243.606
403.425,172.064,243.606
403.425,172.065,243.593
403.418,172.061,243.574
403.396,172.049,243.542
403.383,172.039,243.505
403.341,172.012,243.463
403.301,171.982,243.442
403.252,171.951,243.432
403.202,171.922,243.427
403.161,171.894,243.411
403.115,171.857,243.380
403.088,171.836,243.360
403.078,171.829,243.347
403.077,171.826,243.327
403.078,171.825,243.316
403.080,171.826,243.309
403.088,171.825,243.305
403.098,171.822,243.307
403.111,171.813,243.314
403.129,171.799,243.323
403.162,171.783,243.338
403.191,171.759,243.351
403.200,171.769,243.359
403.207,171.779,243.362
403.212,171.784,243.361
403.214,171.787,243.359
403.215,171.787,243.357
403.213,171.785,243.357
403.212,171.784,243.355
403.210,171.785,243.349
403.209,171.786,243.343
403.208,171.787,243.331
403.207,171.787,243.313
403.206,171.790,243.291
403.208,171.789,243.264
403.217,171.785,243.225
403.227,171.789,243.188
403.249,171.775,243.151
403.269,171.759,243.118
403.292,171.738,243.087
403.309,171.716,243.063
403.325,171.711,243.053
403.332,171.710,243.058
403.339,171.707,243.062
403.343,171.707,243.065
403.347,171.705,243.067
403.349,171.704,243.070
403.350,171.703,243.071
403.351,171.702,243.074
403.352,171.703,243.075
403.353,171.703,243.075
403.354,171.704,243.075
403.354,171.704,243.075
403.355,171.704,243.075
403.355,171.705,243.075
403.356,171.706,243.075
403.357,171.706,243.074
403.357,171.706,243.074
403.357,171.706,243.074
403.357,171.706,243.074
403.357,171.707,243.074
403.357,171.706,243.074
403.359,171.704,243.075
403.362,171.697,243.077
403.364,171.695,243.078
403.366,171.692,243.078
403.367,171.692,243.079
403.367,171.692,243.079
403.367,171.692,243.079
403.367,171.691,243.079
403.369,171.690,243.078
403.370,171.688,243.077
403.370,171.688,243.078
403.369,171.688,243.078
403.368,171.689,243.078
403.370,171.688,243.079
403.371,171.690,243.079
403.372,171.692,243.080
403.373,171.692,243.080
403.374,171.693,243.081
403.374,171.689,243.079
403.375,171.690,243.080
403.374,171.693,243.081
403.374,171.691,243.080
403.375,171.690,243.079
403.375,171.692,243.080
403.375,171.692,243.080
403.375,171.692,243.080
403.375,171.692,243.080
403.375,171.694,243.081
403.373,171.695,243.081
403.366,171.695,243.080
403.351,171.710,243.078
403.329,171.749,243.062
403.305,171.782,243.051
403.285,171.802,243.047
403.278,171.817,243.040
403.289,171.812,243.035
403.316,171.783,243.031
403.332,171.768,243.034
403.336,171.767,243.035
403.334,171.765,243.037
403.334,171.765,243.039
403.335,171.763,243.040
403.337,171.758,243.042
403.338,171.757,243.044
403.340,171.758,243.043
403.341,171.756,243.043
403.342,171.755,243.044
403.343,171.754,243.044
403.344,171.754,243.045
403.344,171.755,243.046
403.344,171.755,243.045
403.345,171.751,243.047
403.346,171.751,243.048
403.346,171.751,243.049
403.347,171.750,243.049
403.347,171.745,243.050
403.347,171.744,243.052
403.348,171.742,243.053
403.348,171.740,243.057
403.350,171.735,243.060
403.352,171.731,243.062
403.353,171.725,243.066
403.354,171.721,243.068
403.355,171.716,243.071
403.356,171.715,243.072
403.356,171.715,243.072
403.357,171.715,243.072
403.358,171.715,243.072
403.358,171.715,243.072
403.358,171.715,243.072
403.358,171.715,243.071
403.358,171.714,243.071
403.358,171.715,243.071
403.359,171.715,243.071
403.359,171.716,243.072
403.359,171.716,243.072
403.360,171.716,243.072
403.360,171.716,243.072
403.360,171.716,243.072
403.360,171.716,243.073
403.360,171.716,243.073
403.360,171.717,243.073
403.361,171.717,243.073
403.361,171.717,243.073
403.361,171.717,243.073
403.361,171.717,243.073
403.361,171.717,243.073
403.361,171.717,243.073
403.362,171.718,243.074
403.362,171.718,243.074
403.362,171.718,243.074
403.362,171.718,243.074
403.362,171.718,243.074
403.362,171.718,243.074
403.362,171.718,243.074
403.362,171.717,243.073
403.362,171.718,243.074
403.362,171.718,243.074
403.362,171.718,243.074
403.362,171.718,243.074
403.362,171.718,243.074
403.362,171.717,243.073
403.362,171.718,243.074
403.362,171.718,243.074
403.362,171.718,243.074
403.360,171.717,243.075
403.359,171.717,243.075
403.359,171.717,243.076
403.359,171.717,243.075
403.359,171.717,243.075
403.360,171.717,243.075
403.360,171.717,243.075
403.360,171.717,243.076
403.360,171.717,243.075
403.360,171.717,243.076
403.360,171.717,243.076
403.360,171.717,243.076
403.360,171.717,243.075
403.360,171.717,243.075
403.360,171.717,243.075
403.360,171.717,243.076
403.360,171.717,243.075
403.359,171.717,243.075
403.360,171.717,243.076
403.360,171.717,243.075
403.360,171.718,243.076
403.360,171.717,243.076
403.360,171.717,243.076
403.360,171.717,243.076
403.360,171.717,243.076
403.360,171.717,243.076
403.360,171.717,243.076
403.360,171.717,243.075
403.360,171.717,243.075
403.360,171.717,243.076
403.360,171.717,243.076
403.360,171.718,243.077
403.360,171.717,243.075
403.360,171.717,243.076
403.360,171.717,243.076
403.360,171.716,243.075
403.360,171.717,243.077
403.363,171.718,243.074
403.363,171.717,243.074
403.363,171.717,243.074
403.362,171.717,243.074
403.362,171.717,243.074
403.363,171.717,243.074
403.363,171.717,243.074
403.363,171.717,243.074
403.363,171.717,243.073
403.362,171.718,243.074
403.362,171.718,243.074
403.362,171.718,243.074
403.362,171.717,243.074
403.362,171.718,243.074
403.362,171.717,243.074
403.362,171.717,243.074
403.362,171.717,243.073
403.362,171.718,243.074
403.362,171.718,243.074
403.363,171.718,243.075
403.363,171.718,243.075
403.363,171.717,243.073
403.363,171.718,243.074
403.363,171.717,243.074
403.363,171.718,243.074
403.363,171.717,243.074
403.363,171.717,243.074
403.363,171.717,243.074
403.363,171.717,243.074
403.363,171.717,243.074
403.363,171.717,243.074
403.362,171.718,243.074
403.363,171.717,243.074
403.363,171.717,243.073
403.363,171.717,243.073
403.365,171.713,243.076
403.367,171.709,243.075
403.369,171.702,243.080
403.371,171.694,243.084
403.371,171.692,243.085
403.369,171.693,243.086
403.369,171.694,243.087
403.368,171.693,243.090
403.367,171.694,243.092
403.366,171.693,243.097
403.367,171.694,243.101
403.367,171.693,243.103
403.368,171.693,243.111
403.368,171.692,243.118
403.369,171.691,243.125
403.371,171.688,243.132
403.374,171.685,243.137
403.375,171.680,243.142
403.378,171.678,243.146
403.379,171.675,243.148
403.380,171.675,243.149
403.380,171.674,243.149
403.380,171.674,243.150
403.381,171.674,243.152
403.381,171.674,243.153
403.382,171.674,243.154
403.382,171.674,243.156
403.382,171.674,243.157
403.382,171.673,243.157
403.382,171.673,243.158
403.381,171.673,243.158
403.381,171.673,243.158
403.381,171.673,243.158
403.381,171.673,243.158
403.381,171.673,243.158
403.381,171.673,243.158
403.381,171.673,243.157
403.381,171.673,243.158
403.381,171.673,243.158
403.381,171.673,243.158
403.380,171.672,243.158
403.379,171.672,243.158
403.378,171.672,243.159
403.376,171.672,243.159
403.376,171.673,243.160
403.376,171.673,243.160
403.376,171.673,243.159
403.376,171.673,243.160
403.376,171.673,243.160
403.377,171.673,243.160
403.377,171.673,243.160
403.377,171.673,243.160
403.377,171.673,243.160
403.378,171.673,243.160
403.378,171.673,243.160
403.378,171.673,243.160
403.377,171.673,243.160
403.376,171.672,243.159
403.376,171.673,243.160
403.376,171.673,243.160
403.376,171.673,243.160
403.376,171.673,243.160
403.376,171.673,243.160
403.376,171.673,243.160
403.377,171.673,243.160
403.377,171.673,243.160
403.377,171.673,243.160
403.377,171.673,243.160
403.377,171.673,243.160
403.377,171.673,243.159
403.377,171.674,243.160
403.378,171.673,243.160
403.378,171.673,243.160
403.378,171.673,243.160
403.377,171.673,243.160
403.378,171.673,243.160
403.378,171.673,243.160
403.378,171.673,243.160
403.377,171.673,243.160
403.377,171.673,243.160
403.377,171.673,243.160
403.377,171.673,243.160
403.377,171.673,243.160
403.376,171.673,243.161
403.376,171.672,243.160
403.374,171.673,243.161
403.374,171.673,243.161
403.374,171.673,243.161
403.374,171.673,243.161
403.373,171.672,243.161
403.372,171.671,243.162
403.371,171.671,243.159
403.369,171.672,243.152
403.368,171.673,243.143
403.368,171.676,243.132
403.366,171.683,243.118
403.366,171.698,243.103
403.364,171.706,243.083
403.364,171.712,243.066
403.362,171.717,243.050
403.360,171.720,243.038
403.359,171.720,243.030
403.359,171.719,243.024
403.359,171.722,243.022
403.358,171.721,243.021
403.358,171.721,243.019
403.358,171.720,243.019
403.358,171.719,243.018
403.358,171.718,243.017
403.357,171.719,243.018
403.357,171.718,243.019
403.357,171.719,243.020
403.357,171.717,243.020
403.357,171.717,243.020
403.358,171.717,243.019
403.358,171.717,243.020
403.358,171.717,243.020
403.358,171.718,243.021
403.357,171.714,243.019
403.357,171.716,243.020
403.356,171.716,243.021
403.356,171.716,243.020
403.356,171.715,243.019
403.355,171.716,243.020
403.355,171.717,243.020
403.355,171.717,243.020
403.355,171.717,243.020
403.355,171.716,243.019
403.355,171.715,243.018
403.356,171.715,243.018
403.356,171.714,243.018
403.356,171.715,243.018
403.356,171.715,243.018
403.356,171.715,243.017
403.356,171.717,243.018
403.356,171.716,243.018
403.355,171.698,243.009
403.354,171.682,243.001
403.353,171.669,242.993
403.353,171.656,242.985
403.353,171.647,242.982
403.354,171.642,242.980
403.356,171.637,242.979
403.357,171.626,242.974
403.364,171.634,242.980
403.364,171.624,242.975
403.370,171.626,242.977
403.371,171.623,242.976
403.371,171.608,242.969
403.378,171.604,242.967
403.382,171.603,242.966
403.384,171.594,242.962
403.389,171.594,242.961
403.391,171.589,242.959
403.394,171.583,242.956
403.399,171.580,242.954
403.400,171.571,242.950
403.404,171.574,242.951
403.406,171.567,242.948
403.409,171.562,242.945
403.412,171.558,242.942
403.412,171.551,242.940
403.414,171.541,242.936
403.419,171.535,242.934
403.422,171.527,242.932
403.426,171.519,242.928
403.426,171.514,242.926
403.432,171.508,242.923
403.433,171.503,242.920
403.438,171.496,242.917
403.441,171.487,242.914
403.443,171.483,242.912
403.445,171.479,242.911
403.446,171.475,242.909
403.449,171.472,242.908
403.449,171.468,242.906
403.451,171.459,242.902
403.452,171.454,242.900
403.454,171.444,242.897
403.455,171.438,242.894
403.457,171.427,242.890
403.462,171.420,242.887
403.464,171.416,242.886
403.465,171.412,242.884
403.467,171.411,242.884
403.466,171.404,242.879
403.467,171.400,242.878
403.466,171.395,242.875
403.466,171.389,242.873
403.466,171.382,242.869
403.469,171.373,242.867
403.470,171.365,242.864
403.472,171.361,242.863
403.473,171.353,242.860
403.473,171.349,242.858
403.476,171.348,242.858
403.475,171.344,242.856
403.477,171.345,242.856
403.479,171.342,242.855
403.482,171.340,242.854
403.482,171.337,242.853
403.482,171.337,242.853
403.480,171.331,242.851
403.482,171.328,242.849
403.482,171.324,242.847
403.482,171.318,242.845
403.485,171.313,242.844
403.487,171.308,242.842
403.489,171.305,242.840
403.488,171.301,242.839
403.482,171.291,242.835
403.481,171.282,242.831
403.485,171.278,242.830
403.483,171.273,242.828
403.485,171.271,242.826
403.489,171.267,242.826
403.490,171.262,242.824
403.490,171.258,242.822
403.494,171.254,242.820
403.493,171.251,242.819
403.492,171.247,242.818
403.490,171.241,242.816
403.491,171.238,242.814
403.486,171.231,242.811
403.494,171.230,242.811
403.495,171.226,242.810
403.491,171.220,242.807
403.491,171.215,242.806
403.490,171.209,242.804
403.492,171.204,242.803
403.495,171.201,242.802
403.498,171.197,242.800
403.500,171.193,242.799
403.501,171.190,242.798
403.504,171.187,242.798
403.504,171.183,242.797
403.507,171.182,242.797
403.509,171.181,242.798
403.509,171.177,242.796
403.510,171.174,242.796
403.517,171.175,242.799
403.505,171.169,242.795
403.493,171.160,242.790
403.493,171.156,242.790
403.491,171.151,242.788
403.494,171.148,242.789
403.496,171.145,242.790
403.494,171.142,242.788
403.484,171.137,242.784
403.469,171.130,242.778
403.460,171.126,242.775
403.459,171.122,242.774
403.460,171.119,242.773
403.460,171.117,242.772
403.462,171.115,242.772
403.461,171.112,242.770
403.455,171.108,242.768
403.451,171.103,242.765
403.450,171.098,242.764
403.448,171.093,242.761
403.448,171.090,242.760
403.451,171.087,242.760
403.450,171.082,242.758
403.454,171.079,242.759
403.454,171.076,242.757
403.455,171.073,242.756
403.459,171.071,242.757
403.459,171.070,242.756
403.457,171.067,242.755
403.452,171.064,242.753
403.452,171.063,242.752
403.443,171.060,242.750
403.438,171.057,242.750
403.437,171.055,242.750
403.434,171.053,242.750
403.433,171.052,242.750
403.434,171.051,242.751
403.435,171.050,242.752
403.441,171.049,242.752
403.442,171.048,242.752
403.439,171.045,242.751
403.438,171.044,242.751
403.438,171.041,242.750
403.439,171.040,242.750
403.436,171.038,242.749
403.434,171.036,242.749
403.438,171.036,242.750
403.436,171.034,242.749
403.446,171.032,242.749
403.446,171.030,242.748
403.444,171.026,242.747
403.447,171.025,242.746
403.448,171.023,242.745
403.447,171.020,242.743
403.447,171.018,242.743
403.445,171.016,242.742
403.445,171.015,242.742
403.448,171.013,242.742
403.449,171.011,242.741
403.450,171.010,242.739
403.446,171.007,242.737
403.442,171.005,242.736
403.445,171.003,242.736
403.448,171.001,242.735
403.449,171.000,242.735
403.448,170.998,242.733
403.446,170.995,242.730
403.447,170.993,242.730
403.449,170.991,242.730
403.448,170.989,242.729
403.446,170.986,242.728
403.446,170.983,242.727
403.443,170.980,242.725
403.443,170.978,242.724
403.443,170.974,242.722
403.443,170.970,242.721
403.445,170.967,242.720
403.446,170.962,242.718
403.450,170.959,242.718
403.452,170.957,242.717
403.452,170.955,242.715
403.469,170.955,242.720
403.467,170.951,242.717
403.464,170.949,242.715
403.466,170.946,242.715
403.461,170.943,242.712
403.460,170.940,242.711
403.457,170.938,242.709
403.455,170.936,242.708
403.453,170.934,242.706
403.450,170.931,242.704
403.447,170.929,242.703
403.445,170.928,242.702
403.441,170.927,242.701
403.439,170.926,242.699
403.438,170.925,242.698
403.436,170.924,242.696
403.434,170.923,242.695
403.433,170.922,242.695
403.430,170.921,242.694
403.428,170.921,242.694
403.428,170.921,242.694
403.426,170.921,242.693
403.426,170.920,242.693
403.423,170.920,242.692
403.421,170.920,242.691
403.419,170.920,242.690
403.420,170.921,242.690
403.423,170.922,242.691
403.423,170.922,242.691
403.423,170.922,242.691
403.421,170.923,242.691
403.421,170.923,242.690
403.420,170.923,242.689
403.420,170.923,242.689
403.424,170.925,242.692
403.426,170.926,242.693
403.428,170.927,242.694
403.430,170.928,242.694
403.430,170.927,242.694
403.430,170.927,242.694
403.429,170.927,242.693
403.432,170.929,242.695
403.433,170.930,242.695
403.433,170.930,242.695
403.434,170.930,242.695
403.434,170.930,242.695
403.434,170.930,242.695
403.434,170.930,242.695
403.434,170.930,242.696
403.434,170.930,242.695
403.434,170.930,242.696
403.434,170.930,242.695
403.434,170.930,242.695
403.436,170.932,242.696
403.437,170.933,242.697
403.438,170.933,242.697
403.438,170.933,242.697
403.441,170.935,242.699
403.442,170.936,242.700
403.443,170.936,242.700
403.442,170.936,242.699
403.442,170.936,242.699
403.442,170.936,242.699
403.443,170.937,242.700
403.444,170.937,242.700
403.446,170.939,242.701
403.451,170.942,242.703
403.453,170.943,242.704
403.453,170.943,242.704
403.453,170.943,242.704
403.453,170.943,242.704
403.453,170.943,242.704
403.453,170.943,242.704
403.453,170.943,242.704
403.453,170.943,242.704
403.453,170.943,242.704
403.453,170.943,242.704
403.453,170.943,242.704
403.453,170.943,242.704
403.453,170.943,242.704
403.447,170.940,242.702
403.447,170.940,242.702
403.447,170.940,242.702
403.448,170.940,242.701
403.448,170.940,242.702
403.448,170.940,242.702
403.448,170.940,242.702
403.448,170.940,242.702
403.443,170.937,242.699
403.443,170.937,242.699
403.443,170.937,242.699
403.439,170.934,242.697
403.439,170.934,242.697
403.439,170.934,242.697
403.439,170.934,242.697
403.439,170.934,242.697
403.439,170.933,242.697
403.439,170.933,242.697
403.439,170.933,242.697
403.439,170.933,242.697
403.439,170.933,242.697
403.435,170.930,242.695
403.435,170.930,242.695
403.434,170.930,242.694
403.435,170.930,242.695
403.434,170.930,242.695
403.434,170.930,242.695
403.435,170.930,242.695
403.434,170.930,242.695
403.435,170.930,242.695
403.435,170.930,242.695
403.435,170.930,242.695
403.435,170.930,242.695
403.435,170.930,242.695
403.435,170.930,242.695
403.435,170.930,242.695
403.435,170.930,242.694
403.435,170.930,242.695
403.435,170.930,242.695
403.435,170.930,242.695
403.435,170.930,242.695
403.435,170.930,242.695
403.437,170.932,242.696
403.447,170.939,242.701
403.464,170.956,242.713
403.475,170.965,242.727
403.476,170.978,242.735
403.476,170.996,242.736
403.469,171.024,242.754
403.455,171.085,242.761
403.427,171.152,242.792
403.402,171.221,242.822
403.384,171.314,242.865
403.380,171.404,242.902
403.389,171.484,242.939
403.389,171.536,242.965
403.382,171.576,242.984
403.352,171.640,243.012
403.298,171.748,243.089
403.235,171.863,243.183
403.181,172.012,243.261
403.147,172.193,243.337
403.098,172.381,243.431
403.059,172.549,243.498
402.991,172.718,243.571
402.909,172.913,243.654
402.837,173.150,243.722
402.749,173.322,243.777
402.668,173.495,243.823
402.606,173.664,243.865
402.563,173.859,243.891
402.506,174.047,243.943
402.411,174.240,244.029
402.344,174.441,244.083
402.374,174.602,244.087
402.516,174.670,244.034
402.713,174.690,243.858
402.999,174.709,243.734
403.194,174.713,243.666
403.237,174.688,243.633
403.239,174.685,243.611
403.256,174.658,243.553
403.313,174.624,243.455
403.412,174.568,243.256
403.515,174.425,243.092
403.633,174.205,243.049
403.768,173.902,243.001
403.917,173.575,242.848
404.014,173.367,242.663
404.048,173.168,242.505
404.007,173.039,242.378
403.918,172.954,242.289
403.789,172.857,242.255
403.681,172.757,242.266
403.600,172.672,242.272
403.567,172.586,242.281
403.547,172.475,242.265
403.535,172.400,242.245
403.525,172.368,242.241
403.504,172.340,242.231
403.497,172.303,242.224
403.517,172.268,242.188
403.550,172.177,242.149
403.591,172.024,242.124
403.614,171.860,242.113
403.607,171.803,242.095
403.598,171.773,242.086
403.595,171.751,242.079
403.615,171.714,242.065
403.650,171.650,242.028
403.679,171.581,242.000
403.691,171.526,241.981
403.698,171.482,241.968
403.681,171.456,241.961
403.671,171.439,241.954
403.668,171.428,241.948
403.669,171.426,241.947
403.682,171.424,241.944
403.687,171.422,241.945
403.697,171.433,241.947
403.706,171.445,241.950
403.730,171.472,241.959
403.771,171.503,241.983
403.804,171.529,242.008
403.821,171.548,242.027
403.836,171.567,242.045
403.873,171.593,242.069
403.911,171.616,242.091
403.950,171.642,242.114
403.990,171.666,242.130
404.005,171.674,242.139
404.049,171.699,242.177
404.087,171.724,242.220
404.121,171.746,242.254
404.152,171.767,242.304
404.178,171.789,242.358
404.193,171.806,242.408
404.208,171.825,242.457
404.218,171.842,242.506
404.222,171.855,242.552
404.226,171.871,242.625
404.226,171.886,242.699
404.218,171.896,242.769
404.204,171.908,242.848
404.176,171.916,242.930
404.147,171.925,243.005
404.098,171.953,243.059
404.072,171.977,243.072
404.051,171.986,243.076
404.035,171.996,243.076
404.018,172.005,243.079
403.998,172.015,243.082
403.966,172.026,243.082
403.656,171.951,243.044
403.588,171.884,243.055
403.530,171.811,243.060
403.488,171.804,243.038
403.467,171.794,243.017
403.442,171.786,242.988
403.412,171.757,242.962
403.405,171.718,242.925
403.404,171.683,242.905
403.406,171.664,242.900
403.412,171.653,242.893
403.418,171.636,242.884
403.403,171.598,242.873
403.424,171.568,242.866
403.408,171.468,242.822
403.447,171.397,242.800
403.451,171.257,242.757
403.466,171.148,242.735
403.478,171.057,242.712
403.489,171.021,242.706
403.498,170.988,242.702
403.477,171.002,242.696
403.491,171.087,242.715
403.492,171.091,242.722
403.490,171.109,242.722
403.488,171.108,242.729
403.486,171.111,242.728
403.482,171.106,242.728
403.478,171.113,242.736
403.476,171.099,242.733
403.474,171.106,242.728
403.472,171.115,242.735
403.471,171.114,242.734
403.468,171.115,242.734
403.468,171.111,242.736
403.467,171.113,242.734
403.468,171.111,242.736
403.469,171.112,242.734
403.470,171.110,242.733
403.469,171.110,242.734
403.470,171.112,242.734
403.471,171.122,242.732
403.471,171.120,242.732
403.469,171.120,242.733
403.468,171.110,242.736
403.471,171.104,242.731
403.476,171.127,242.731
403.476,171.148,242.742
403.476,171.161,242.744
403.473,171.178,242.755
403.470,171.176,242.756
403.469,171.176,242.755
403.462,171.147,242.748
403.441,171.011,242.719
403.438,170.953,242.706
403.437,170.932,242.706
403.445,170.924,242.717
403.450,170.926,242.718
403.447,170.926,242.708
403.452,170.931,242.701
403.475,170.945,242.706
403.492,170.961,242.707
403.516,170.968,242.712
403.549,170.975,242.716
403.566,170.984,242.712
403.580,170.993,242.713
403.588,171.001,242.715
403.601,171.033,242.727
403.585,171.052,242.735
403.588,171.039,242.726
403.592,171.045,242.727
403.597,171.058,242.735
403.602,171.058,242.730
403.598,171.054,242.732
403.604,171.059,242.731
403.609,171.087,242.742
403.601,171.123,242.746
403.593,171.120,242.753
403.597,171.122,242.754
403.595,171.114,242.746
403.589,171.115,242.748
403.582,171.119,242.749
403.568,171.132,242.747
403.553,171.131,242.744
403.534,171.122,242.744
403.512,171.116,242.736
403.495,171.119,242.736
403.474,171.118,242.734
403.461,171.075,242.720
403.453,170.986,242.694
403.443,170.969,242.694
403.435,170.966,242.693
403.431,170.964,242.693
403.430,170.962,242.693
403.427,170.959,242.695
403.437,170.964,242.698
403.436,170.961,242.700
403.442,170.938,242.710
403.445,170.938,242.717
403.441,170.958,242.710
403.445,170.938,242.711
403.446,170.944,242.709
403.449,170.938,242.712
403.447,170.938,242.713
403.448,170.938,242.709
403.448,170.937,242.714
403.449,170.938,242.710
403.447,170.937,242.713
403.451,170.941,242.718
403.449,170.937,242.718
403.449,170.939,242.720
403.444,170.937,242.711
403.444,170.947,242.720
403.444,170.955,242.721
403.443,170.954,242.719
403.442,170.954,242.725
403.440,170.952,242.724
403.439,170.951,242.722
403.437,170.949,242.721
403.436,170.948,242.720
403.435,170.947,242.725
403.436,170.948,242.719
403.435,170.947,242.726
403.436,170.947,242.725
403.436,170.948,242.720
403.436,170.949,242.720
403.436,170.947,242.727
403.436,170.947,242.724
403.435,170.946,242.725
403.436,170.946,242.728
403.435,170.946,242.725
403.436,170.947,242.730
403.435,170.947,242.724
403.433,170.944,242.727
403.432,170.943,242.727
403.432,170.944,242.726
403.433,170.945,242.720
403.431,170.944,242.724
403.431,170.945,242.719
403.431,170.945,242.717
403.432,170.944,242.722
403.428,170.948,242.722
403.427,170.940,242.719
403.428,170.944,242.717
403.428,170.946,242.716
403.428,170.946,242.717
403.428,170.946,242.717
403.427,170.946,242.718
403.428,170.946,242.717
403.428,170.946,242.717
403.428,170.946,242.717
403.422,170.948,242.716
403.427,170.947,242.712
403.432,170.948,242.709
403.425,170.946,242.711
403.428,170.942,242.714
403.423,170.944,242.711
403.423,170.944,242.711
403.423,170.942,242.711
403.426,170.942,242.708
403.422,170.942,242.713
403.426,170.938,242.706
403.421,170.939,242.708
403.426,170.938,242.705
403.418,170.940,242.709
403.419,170.939,242.706
403.424,170.934,242.699
403.424,170.934,242.699
403.424,170.934,242.699
403.424,170.934,242.699
403.424,170.934,242.699
403.423,170.934,242.698
403.423,170.939,242.698
403.427,170.942,242.692
403.430,170.947,242.693
403.429,170.946,242.695
403.429,170.945,242.696
403.431,170.946,242.699
403.429,170.949,242.692
403.431,170.949,242.692
403.431,170.947,242.697
403.432,170.950,242.695
403.429,170.955,242.696
403.436,170.951,242.699
403.434,170.943,242.690
403.433,170.942,242.688
403.431,170.939,242.686
403.431,170.939,242.683
403.432,170.936,242.680
403.432,170.935,242.677
403.431,170.930,242.678
403.431,170.930,242.678
403.432,170.926,242.676
403.431,170.924,242.675
403.432,170.922,242.675
403.436,170.917,242.676
403.443,170.912,242.676
403.445,170.910,242.676
403.449,170.908,242.677
403.450,170.907,242.675
403.455,170.905,242.678
403.458,170.903,242.678
403.461,170.903,242.679
403.467,170.901,242.680
403.470,170.900,242.679
403.476,170.899,242.680
403.487,170.897,242.682
403.495,170.895,242.684
403.505,170.893,242.687
403.514,170.891,242.691
403.519,170.889,242.694
403.523,170.887,242.697
403.528,170.885,242.700
403.531,170.883,242.701
403.538,170.879,242.710
403.542,170.875,242.713
403.546,170.871,242.719
403.550,170.866,242.724
403.552,170.862,242.728
403.555,170.857,242.732
403.558,170.853,242.734
403.561,170.849,242.739
403.565,170.843,242.745
403.567,170.841,242.747
403.569,170.838,242.750
403.572,170.835,242.754
403.571,170.834,242.750
403.570,170.834,242.749
403.570,170.832,242.746
403.573,170.831,242.750
403.576,170.830,242.753
403.574,170.831,242.748
403.574,170.832,242.748
403.577,170.833,242.752
403.582,170.833,242.758
403.582,170.834,242.757
403.583,170.834,242.756
403.589,170.833,242.765
403.587,170.834,242.759
403.591,170.834,242.764
403.587,170.835,242.759
403.593,170.837,242.769
403.594,170.838,242.770
403.597,170.840,242.775
403.598,170.841,242.776
403.592,170.842,242.766
403.591,170.844,242.765
403.592,170.845,242.766
403.597,170.847,242.773
403.600,170.849,242.778
403.605,170.851,242.784
403.609,170.854,242.789
403.612,170.856,242.793
403.616,170.857,242.797
403.613,170.859,242.794
403.617,170.862,242.798
403.620,170.864,242.801
403.627,170.866,242.810
403.629,170.868,242.812
403.631,170.869,242.815
403.634,170.872,242.820
403.638,170.874,242.827
403.641,170.875,242.831
403.645,170.877,242.838
403.649,170.877,242.845
403.652,170.878,242.850
403.655,170.879,242.854
403.654,170.879,242.855
403.659,170.880,242.862
403.664,170.881,242.868
403.666,170.881,242.872
403.670,170.881,242.878
403.664,170.880,242.873
403.670,170.880,242.881
403.671,170.881,242.882
403.674,170.880,242.886
403.676,170.877,242.890
403.683,170.875,242.898
403.687,170.873,242.903
403.693,170.872,242.911
403.693,170.870,242.913
403.696,170.867,242.920
403.697,170.864,242.922
403.697,170.860,242.923
403.705,170.858,242.931
403.711,170.855,242.938
403.718,170.851,242.944
403.724,170.848,242.949
403.730,170.846,242.955
403.733,170.844,242.957
403.740,170.844,242.963
403.747,170.844,242.971
403.752,170.844,242.975
403.758,170.844,242.980
403.762,170.845,242.984
403.765,170.846,242.987
403.765,170.846,242.987
403.765,170.847,242.987
403.766,170.848,242.988
403.762,170.849,242.985
403.759,170.849,242.983
403.753,170.850,242.978
403.747,170.850,242.973
403.743,170.852,242.971
403.739,170.854,242.969
403.737,170.855,242.969
403.735,170.856,242.969
403.732,170.857,242.969
403.730,170.860,242.970
403.728,170.861,242.969
403.724,170.860,242.968
403.723,170.861,242.969
403.719,170.860,242.968
403.717,170.861,242.967
403.715,170.862,242.967
403.713,170.864,242.967
403.711,170.865,242.966
403.710,170.866,242.965
403.707,170.868,242.965
403.708,170.874,242.966
403.706,170.877,242.967
403.705,170.880,242.967
403.703,170.885,242.967
403.702,170.887,242.968
403.701,170.890,242.968
403.699,170.893,242.968
403.697,170.896,242.968
403.696,170.900,242.968
403.695,170.903,242.968
403.693,170.905,242.968
403.691,170.907,242.967
403.689,170.908,242.967
403.687,170.910,242.965
403.686,170.912,242.964
403.684,170.914,242.964
403.683,170.919,242.965
403.681,170.922,242.966
403.679,170.925,242.966
403.678,170.928,242.966
403.676,170.930,242.966
403.678,170.937,242.967
403.678,170.943,242.968
403.679,170.950,242.970
403.679,170.954,242.973
403.676,170.957,242.973
403.672,170.960,242.973
403.671,170.963,242.972
403.676,170.971,242.969
403.673,170.975,242.970
403.672,170.979,242.970
403.675,170.984,242.969
403.676,170.988,242.969
403.678,170.994,242.966
403.683,171.001,242.962
403.688,171.008,242.958
403.693,171.013,242.955
403.694,171.018,242.952
403.698,171.024,242.949
403.698,171.029,242.945
403.697,171.032,242.943
403.697,171.036,242.940
403.696,171.038,242.938
403.694,171.042,242.936
403.692,171.045,242.934
403.689,171.048,242.932
403.687,171.054,242.928
403.684,171.057,242.925
403.683,171.061,242.922
403.680,171.064,242.920
403.680,171.069,242.916
403.680,171.071,242.914
403.679,171.074,242.911
403.678,171.077,242.908
403.677,171.081,242.905
403.676,171.084,242.903
403.674,171.087,242.901
403.675,171.090,242.899
403.672,171.093,242.897
403.669,171.097,242.895
403.668,171.100,242.893
403.667,171.103,242.892
403.663,171.105,242.891
403.662,171.108,242.888
403.660,171.111,242.887
403.659,171.114,242.884
403.655,171.118,242.882
403.653,171.122,242.879
403.652,171.127,242.874
403.653,171.133,242.872
403.654,171.136,242.870
403.654,171.139,242.869
403.653,171.142,242.867
403.651,171.144,242.866
403.651,171.146,242.862
403.651,171.149,242.858
403.652,171.151,242.854
403.652,171.154,242.850
403.651,171.157,242.848
403.652,171.160,242.845
403.653,171.164,242.843
403.655,171.165,242.841
403.653,171.167,242.841
403.651,171.169,242.838
403.651,171.171,242.835
403.650,171.173,242.834
403.650,171.175,242.831
403.651,171.178,242.827
403.651,171.181,242.825
403.653,171.185,242.822
403.655,171.190,242.817
403.659,171.194,242.814
403.662,171.196,242.812
403.664,171.200,242.811
403.666,171.204,242.807
403.668,171.207,242.804
403.671,171.214,242.800
403.674,171.219,242.795
403.674,171.221,242.793
403.674,171.223,242.793
403.677,171.226,242.789
403.680,171.229,242.786
403.682,171.231,242.783
403.684,171.234,242.780
403.686,171.236,242.776
403.687,171.238,242.775
403.690,171.241,242.771
403.695,171.244,242.765
403.698,171.247,242.761
403.700,171.250,242.758
403.701,171.252,242.757
403.704,171.255,242.752
403.706,171.256,242.747
403.708,171.259,242.742
403.710,171.260,242.736
403.707,171.261,242.734
403.706,171.263,242.731
403.705,171.263,242.729
403.705,171.263,242.728
403.707,171.264,242.722
403.702,171.260,242.732
403.703,171.259,242.729
403.704,171.260,242.727
403.704,171.260,242.725
403.706,171.263,242.715
403.706,171.265,242.709
403.708,171.267,242.701
403.710,171.269,242.696
403.710,171.269,242.695
403.710,171.270,242.692
403.709,171.273,242.686
403.709,171.275,242.683
403.708,171.276,242.678
403.709,171.277,242.674
403.707,171.276,242.676
403.704,171.275,242.679
403.706,171.276,242.670
403.705,171.276,242.668
403.704,171.273,242.673
403.702,171.266,242.679
403.703,171.262,242.679
403.704,171.258,242.681
403.705,171.254,242.679
403.706,171.250,242.682
403.707,171.247,242.683
403.713,171.244,242.696
403.709,171.243,242.694
403.709,171.241,242.690
403.710,171.240,242.692
403.708,171.239,242.688
403.707,171.238,242.685
403.705,171.237,242.683
403.701,171.234,242.679
403.698,171.231,242.676
403.697,171.229,242.676
403.694,171.226,242.676
403.691,171.223,242.676
403.688,171.222,242.678
403.682,171.218,242.681
403.676,171.216,242.686
403.671,171.214,242.689
403.670,171.212,242.694
403.668,171.211,242.698
403.666,171.209,242.703
403.660,171.207,242.708
403.655,171.204,242.715
403.646,171.202,242.719
403.637,171.199,242.723
403.627,171.196,242.729
403.616,171.195,242.733
403.604,171.193,242.738
403.586,171.189,242.748
403.575,171.188,242.754
403.560,171.187,242.757
403.549,171.186,242.762
403.537,171.185,242.767
403.527,171.187,242.769
403.521,171.188,242.771
403.514,171.189,242.773
403.510,171.192,242.772
403.508,171.194,242.772
403.504,171.195,242.772
403.499,171.195,242.772
403.497,171.195,242.771
403.493,171.193,242.772
403.490,171.192,242.772
403.488,171.193,242.770
403.486,171.195,242.769
403.482,171.192,242.769
403.480,171.192,242.768
403.477,171.192,242.769
403.472,171.191,242.767
403.468,171.189,242.768
403.464,171.188,242.767
403.455,171.184,242.766
403.449,171.181,242.766
403.447,171.179,242.765
403.441,171.177,242.764
403.439,171.176,242.762
403.437,171.177,242.763
403.436,171.179,242.763
403.432,171.178,242.763
403.430,171.177,242.764
403.423,171.174,242.762
403.420,171.173,242.761
403.417,171.170,242.761
403.414,171.173,242.761
403.413,171.174,242.761
403.409,171.172,242.761
403.406,171.173,242.763
403.404,171.175,242.764
403.399,171.174,242.766
403.397,171.173,242.766
403.395,171.172,242.769
403.392,171.171,242.772
403.391,171.173,242.772
403.389,171.175,242.774
403.385,171.176,242.775
403.381,171.177,242.776
403.379,171.178,242.779
403.376,171.179,242.779
403.374,171.179,242.781
403.372,171.179,242.783
403.371,171.180,242.784
403.368,171.178,242.785
403.366,171.177,242.784
403.365,171.178,242.784
403.361,171.180,242.784
403.360,171.182,242.784
403.360,171.183,242.785
403.358,171.183,242.785
403.356,171.182,242.786
403.353,171.181,242.785
403.353,171.180,242.785
403.351,171.179,242.785
403.346,171.179,242.784
403.344,171.181,242.784
403.342,171.182,242.784
403.338,171.182,242.783
403.337,171.182,242.783
403.335,171.182,242.782
403.334,171.182,242.782
403.326,171.182,242.782
403.324,171.182,242.782
403.323,171.182,242.782
403.318,171.182,242.783
403.318,171.182,242.785
403.312,171.181,242.786
403.309,171.180,242.788
403.305,171.179,242.789
403.303,171.179,242.790
403.296,171.180,242.792
403.297,171.182,242.795
403.290,171.181,242.796
403.288,171.181,242.797
403.281,171.181,242.799
403.275,171.181,242.801
403.267,171.180,242.802
403.264,171.182,242.804
403.260,171.183,242.806
403.255,171.184,242.809
403.252,171.185,242.811
403.246,171.185,242.814
403.245,171.186,242.816
403.241,171.186,242.819
403.240,171.186,242.821
403.239,171.188,242.824
403.232,171.186,242.826
403.234,171.187,242.828
403.237,171.189,242.829
403.234,171.189,242.831
403.232,171.189,242.834
403.231,171.190,242.836
403.233,171.191,242.837
403.225,171.189,242.841
403.223,171.189,242.843
403.218,171.189,242.847
403.214,171.188,242.850
403.217,171.189,242.850
403.211,171.187,242.854
403.213,171.188,242.855
403.205,171.186,242.859
403.199,171.185,242.863
403.195,171.185,242.865
403.184,171.182,242.870
403.175,171.180,242.874
403.170,171.178,242.877
403.166,171.176,242.880
403.166,171.176,242.882
403.166,171.176,242.884
403.165,171.177,242.886
403.161,171.176,242.888
403.160,171.175,242.890
403.156,171.174,242.892
403.148,171.171,242.895
403.142,171.169,242.899
403.136,171.167,242.902
403.137,171.168,242.903
403.133,171.168,242.906
403.137,171.171,242.906
403.129,171.169,242.911
403.127,171.169,242.913
403.124,171.168,242.917
403.134,171.172,242.914
403.115,171.167,242.926
403.115,171.168,242.927
403.115,171.169,242.928
403.111,171.168,242.931
403.103,171.165,242.937
403.100,171.164,242.940
403.095,171.163,242.945
403.098,171.164,242.945
403.092,171.162,242.949
403.092,171.162,242.950
403.082,171.158,242.954
403.076,171.156,242.958
403.076,171.157,242.959
403.069,171.154,242.963
403.065,171.153,242.966
403.057,171.151,242.970
403.052,171.149,242.973
403.046,171.147,242.976
403.042,171.146,242.979
403.033,171.143,242.983
403.040,171.147,242.981
403.036,171.146,242.983
403.028,171.145,242.988
403.022,171.144,242.991
403.017,171.143,242.995
403.012,171.142,242.997
403.007,171.142,243.001
403.003,171.142,243.003
402.999,171.141,243.006
402.995,171.141,243.008
402.993,171.143,243.011
402.991,171.145,243.013
402.987,171.145,243.014
402.984,171.147,243.016
402.981,171.147,243.017
402.980,171.147,243.017
402.976,171.147,243.018
402.972,171.148,243.019
402.968,171.147,243.020
402.962,171.148,243.020
402.960,171.149,243.022
402.956,171.147,243.022
402.952,171.147,243.023
402.950,171.148,243.023
402.945,171.148,243.024
402.943,171.147,243.024
402.941,171.146,243.024
402.938,171.147,243.026
402.937,171.147,243.027
402.934,171.147,243.028
402.931,171.147,243.029
402.930,171.148,243.030
402.937,171.152,243.030
402.939,171.155,243.030
402.939,171.156,243.031
402.939,171.158,243.032
402.938,171.159,243.033
402.934,171.160,243.035
402.929,171.161,243.038
402.938,171.166,243.037
402.934,171.169,243.039
402.938,171.173,243.039
402.934,171.177,243.042
402.931,171.185,243.046
402.916,171.191,243.052
402.916,171.196,243.054
402.914,171.199,243.056
402.909,171.198,243.059
402.903,171.197,243.061
402.900,171.196,243.062
402.898,171.194,243.063
402.890,171.191,243.064
402.883,171.187,243.065
402.878,171.184,243.065
402.873,171.181,243.066
402.871,171.180,243.066
402.866,171.178,243.066
402.862,171.176,243.067
402.857,171.175,243.067
402.854,171.173,243.067
402.848,171.171,243.067
402.842,171.169,243.067
402.839,171.168,243.067
402.836,171.167,243.067
402.831,171.164,243.068
402.827,171.162,243.068
402.823,171.160,243.069
402.824,171.160,243.069
402.823,171.159,243.068
402.822,171.159,243.068
402.816,171.157,243.068
402.813,171.156,243.068
402.810,171.156,243.068
402.811,171.154,243.069
402.811,171.153,243.068
402.815,171.153,243.066
402.822,171.153,243.063
402.824,171.150,243.062
402.825,171.146,243.062
402.827,171.144,243.061
402.831,171.142,243.057
402.833,171.139,243.058
402.834,171.137,243.058
402.836,171.134,243.060
402.839,171.131,243.061
402.842,171.125,243.064
402.844,171.119,243.068
402.846,171.115,243.070
402.848,171.111,243.069
402.852,171.109,243.071
402.856,171.107,243.075
402.861,171.103,243.079
402.864,171.101,243.082
402.867,171.100,243.082
402.869,171.100,243.083
402.873,171.099,243.088
402.878,171.096,243.092
402.882,171.096,243.093
402.886,171.096,243.094
402.890,171.096,243.096
402.896,171.095,243.099
402.899,171.093,243.101
402.902,171.092,243.103
402.907,171.091,243.105
402.911,171.091,243.106
402.917,171.091,243.109
402.923,171.089,243.114
402.927,171.088,243.117
402.930,171.088,243.118
402.933,171.087,243.121
402.936,171.087,243.122
402.938,171.087,243.123
402.943,171.087,243.126
402.948,171.086,243.129
402.951,171.086,243.130
402.956,171.086,243.130
402.959,171.086,243.131
402.960,171.086,243.131
402.962,171.086,243.133
402.966,171.084,243.136
402.972,171.082,243.141
402.976,171.081,243.143
402.979,171.079,243.145
402.982,171.078,243.149
402.981,171.078,243.148
402.990,171.076,243.158
402.996,171.074,243.164
403.003,171.072,243.172
403.008,171.070,243.175
403.009,171.069,243.176
403.015,171.067,243.182
403.018,171.066,243.184
403.024,171.065,243.189
403.026,171.064,243.191
403.030,171.063,243.195
403.035,171.063,243.200
403.038,171.063,243.203
403.047,171.062,243.210
403.052,171.063,243.213
403.053,171.064,243.215
403.057,171.064,243.218
403.062,171.065,243.222
403.066,171.066,243.225
403.058,171.068,243.221
403.062,171.069,243.223
403.068,171.069,243.227
403.074,171.071,243.230
403.079,171.072,243.233
403.085,171.074,243.235
403.094,171.074,243.239
403.100,171.076,243.242
403.100,171.077,243.242
403.103,171.078,243.244
403.107,171.079,243.245
403.112,171.081,243.247
403.111,171.082,243.248
403.116,171.083,243.249
403.117,171.085,243.250
403.126,171.087,243.252
403.127,171.089,243.253
403.132,171.091,243.254
403.130,171.092,243.254
403.139,171.095,243.255
403.142,171.097,243.257
403.146,171.099,243.257
403.150,171.102,243.258
403.153,171.105,243.259
403.163,171.108,243.260
403.163,171.109,243.260
403.167,171.111,243.261
403.173,171.114,243.262
403.180,171.116,243.263
403.189,171.120,243.264
403.194,171.123,243.264
403.200,171.124,243.264
403.209,171.126,243.264
403.215,171.128,243.265
403.209,171.128,243.265
403.219,171.130,243.266
403.229,171.133,243.268
403.231,171.134,243.268
403.236,171.135,243.269
403.247,171.135,243.271
403.255,171.136,243.273
403.259,171.136,243.275
403.267,171.136,243.276
403.274,171.137,243.276
403.281,171.137,243.277
403.285,171.137,243.277
403.289,171.138,243.278
403.300,171.137,243.280
403.308,171.137,243.281
403.320,171.138,243.283
403.324,171.137,243.284
403.333,171.137,243.287
403.337,171.138,243.288
403.344,171.139,243.291
403.351,171.141,243.293
403.355,171.142,243.294
403.361,171.143,243.296
403.364,171.143,243.297
403.362,171.142,243.297
403.367,171.143,243.298
403.368,171.143,243.299
403.372,171.144,243.302
403.379,171.144,243.304
403.381,171.144,243.306
403.388,171.143,243.308
403.393,171.142,243.311
403.394,171.141,243.312
403.398,171.141,243.314
403.403,171.141,243.315
403.405,171.141,243.316
403.409,171.141,243.317
403.417,171.140,243.319
403.427,171.140,243.322
403.431,171.140,243.324
403.438,171.139,243.326
403.439,171.138,243.327
403.444,171.138,243.329
403.450,171.137,243.331
403.449,171.137,243.333
403.456,171.137,243.335
403.461,171.138,243.338
403.466,171.138,243.339
403.471,171.138,243.342
403.479,171.138,243.345
403.481,171.138,243.346
403.486,171.139,243.348
403.487,171.139,243.349
403.493,171.138,243.351
403.499,171.139,243.353
403.501,171.139,243.355
403.510,171.139,243.359
403.508,171.138,243.360
403.522,171.140,243.364
403.523,171.139,243.366
403.526,171.140,243.368
403.530,171.140,243.370
403.537,171.142,243.372
403.542,171.144,243.373
403.538,171.143,243.374
403.540,171.143,243.374
403.554,171.144,243.376
403.556,171.144,243.377
403.561,171.144,243.379
403.561,171.144,243.381
403.562,171.144,243.382
403.567,171.144,243.384
403.571,171.145,243.385
403.574,171.145,243.386
403.578,171.144,243.387
403.578,171.143,243.389
403.584,171.141,243.390
403.584,171.139,243.391
403.591,171.138,243.393
403.592,171.137,243.395
403.598,171.137,243.397
403.604,171.137,243.399
403.607,171.136,243.400
403.610,171.136,243.401
403.616,171.138,243.402
403.625,171.140,243.404
403.623,171.140,243.405
403.625,171.140,243.406
403.634,171.141,243.408
403.642,171.142,243.409
403.646,171.143,243.410
403.655,171.144,243.410
403.664,171.144,243.411
403.665,171.144,243.410
403.666,171.144,243.408
403.665,171.144,243.407
403.663,171.143,243.406
403.661,171.142,243.403
403.659,171.143,243.401
403.657,171.146,243.399
403.656,171.148,243.395
403.654,171.151,243.391
403.654,171.155,243.387
403.653,171.159,243.383
403.650,171.162,243.378
403.649,171.165,243.372
403.646,171.168,243.368
403.645,171.171,243.362
403.644,171.173,243.358
403.643,171.174,243.354
403.640,171.175,243.349
403.636,171.176,243.345
403.633,171.176,243.342
403.631,171.177,243.340
403.629,171.179,243.336
403.626,171.180,243.335
403.625,171.181,243.330
403.623,171.182,243.327
403.619,171.181,243.327
403.618,171.181,243.326
403.619,171.183,243.320
403.618,171.183,243.319
403.616,171.184,243.316
403.613,171.184,243.315
403.614,171.186,243.311
403.614,171.187,243.306
403.611,171.187,243.302
403.610,171.186,243.301
403.605,171.186,243.302
403.606,171.186,243.296
403.603,171.185,243.294
403.603,171.185,243.289
403.602,171.184,243.288
403.603,171.184,243.283
403.602,171.184,243.282
403.601,171.184,243.281
403.600,171.183,243.280
403.601,171.185,243.274
403.600,171.186,243.271
403.599,171.188,243.266
403.598,171.191,243.258
403.597,171.194,243.254
403.596,171.195,243.248
403.593,171.196,243.250
403.593,171.197,243.251
403.592,171.199,243.246
403.592,171.201,243.240
403.591,171.203,243.238
403.590,171.204,243.238
403.589,171.205,243.238
403.589,171.207,243.233
403.588,171.209,243.228
403.590,171.212,243.223
403.591,171.215,243.222
403.590,171.220,243.219
403.589,171.226,243.215
403.589,171.236,243.211
403.585,171.251,243.196
403.588,171.259,243.164
403.597,171.256,243.125
403.605,171.251,243.101
403.610,171.247,243.089
403.614,171.245,243.085
403.616,171.244,243.082
403.616,171.244,243.080
403.619,171.242,243.076
403.618,171.242,243.075
403.618,171.242,243.074
403.620,171.241,243.071
403.619,171.241,243.070
403.622,171.240,243.066
403.624,171.240,243.066
403.626,171.239,243.062
403.629,171.238,243.058
403.630,171.238,243.057
403.633,171.237,243.053
403.634,171.237,243.052
403.634,171.237,243.052
403.637,171.236,243.047
403.635,171.240,243.043
403.636,171.239,243.038
403.634,171.242,243.030
403.634,171.242,243.030
403.627,171.237,243.030
403.625,171.240,243.021
403.625,171.240,243.021
403.618,171.236,243.021
403.616,171.239,243.013
403.609,171.234,243.013
403.607,171.237,243.004
403.605,171.241,243.001
403.600,171.238,243.000
403.598,171.236,242.995
403.597,171.239,242.992
403.595,171.242,242.984
403.593,171.246,242.981
403.593,171.246,242.981
403.593,171.246,242.981
403.589,171.252,242.969
403.590,171.251,242.964
403.588,171.255,242.960
403.580,171.251,242.960
403.577,171.249,242.956
403.575,171.247,242.951
403.573,171.243,242.949
403.572,171.241,242.950
403.570,171.238,242.948
403.568,171.234,242.948
403.563,171.230,242.948
403.560,171.227,242.948
403.555,171.219,242.949
403.553,171.213,242.950
403.549,171.208,242.951
403.543,171.201,242.953
403.539,171.193,242.956
403.534,171.187,242.959
403.532,171.180,242.960
403.529,171.174,242.963
403.522,171.167,242.966
403.516,171.159,242.970
403.510,171.153,242.972
403.507,171.148,242.976
403.503,171.143,242.978
403.498,171.138,242.981
403.493,171.134,242.984
403.486,171.130,242.987
403.480,171.126,242.990
403.473,171.121,242.996
403.469,171.118,243.000
403.467,171.115,243.005
403.467,171.114,243.008
403.467,171.112,243.011
403.467,171.110,243.016
403.468,171.109,243.020
403.466,171.106,243.027
403.465,171.105,243.033
403.468,171.106,243.036
403.468,171.105,243.041
403.473,171.106,243.045
403.468,171.105,243.056
403.477,171.109,243.054
403.471,171.107,243.066
403.473,171.109,243.072
403.474,171.109,243.079
403.476,171.109,243.089
403.482,171.113,243.095
403.487,171.116,243.105
403.488,171.117,243.119
403.493,171.119,243.131
403.494,171.122,243.143
403.491,171.122,243.156
403.487,171.124,243.173
403.469,171.120,243.195
403.454,171.117,243.218
403.444,171.115,243.237
403.436,171.115,243.255
403.416,171.113,243.267
403.399,171.111,243.274
403.388,171.111,243.278
403.382,171.113,243.282
403.373,171.113,243.282
403.368,171.111,243.283
403.364,171.111,243.281
403.358,171.110,243.279
403.353,171.109,243.276
403.348,171.111,243.274
403.345,171.112,243.271
403.341,171.115,243.264
403.340,171.118,243.258
403.339,171.122,243.255
403.343,171.126,243.250
403.350,171.131,243.244
403.356,171.137,243.237
403.364,171.144,243.227
403.376,171.152,243.214
403.384,171.157,243.204
403.395,171.167,243.185
403.416,171.191,243.128
403.419,171.196,243.114
403.419,171.199,243.104
403.418,171.201,243.098
403.419,171.203,243.093
403.415,171.202,243.089
403.413,171.200,243.087
403.409,171.200,243.083
403.406,171.198,243.079
403.402,171.194,243.078
403.393,171.190,243.077
403.384,171.186,243.075
403.376,171.183,243.075
403.370,171.180,243.074
403.369,171.179,243.074
403.366,171.175,243.076
403.365,171.171,243.078
403.362,171.168,243.080
403.361,171.165,243.083
403.356,171.162,243.085
403.346,171.157,243.087
403.341,171.153,243.090
403.343,171.148,243.095
403.354,171.146,243.103
403.356,171.141,243.109
403.367,171.138,243.119
403.367,171.133,243.127
403.373,171.132,243.133
403.370,171.128,243.142
403.368,171.125,243.150
403.366,171.123,243.157
403.361,171.120,243.161
403.359,171.118,243.165
403.352,171.115,243.168
403.342,171.110,243.169
403.332,171.109,243.166
403.326,171.111,243.162
403.319,171.114,243.155
403.315,171.118,243.150
403.312,171.122,243.145
403.305,171.129,243.137
403.299,171.136,243.132
403.293,171.141,243.127
403.289,171.150,243.120
403.287,171.158,243.115
403.286,171.164,243.110
403.285,171.171,243.105
403.286,171.176,243.101
403.288,171.181,243.097
403.293,171.188,243.093
403.292,171.193,243.087
403.293,171.197,243.083
403.293,171.200,243.078
403.300,171.202,243.079
403.298,171.204,243.077
403.299,171.205,243.077
403.300,171.205,243.076
403.295,171.202,243.074
403.291,171.197,243.070
403.289,171.192,243.068
403.287,171.188,243.067
403.282,171.179,243.068
403.274,171.168,243.069
403.271,171.159,243.071
403.266,171.149,243.075
403.265,171.141,243.079
403.263,171.132,243.087
403.258,171.120,243.098
403.251,171.110,243.107
403.254,171.104,243.119
403.252,171.099,243.129
403.261,171.097,243.142
403.259,171.094,243.154
403.253,171.088,243.169
403.246,171.083,243.183
403.239,171.079,243.196
403.233,171.077,243.209
403.223,171.073,243.217
403.215,171.070,243.222
403.208,171.069,243.228
403.196,171.067,243.229
403.185,171.065,243.230
403.176,171.063,243.232
403.164,171.062,243.232
403.150,171.062,243.226
403.131,171.064,243.215
403.109,171.066,243.205
403.092,171.071,243.196
403.075,171.075,243.187
403.056,171.080,243.178
403.040,171.085,243.167
403.028,171.090,243.157
403.019,171.096,243.143
403.013,171.101,243.133
403.011,171.108,243.123
403.010,171.114,243.116
403.013,171.120,243.110
403.018,171.125,243.106
403.027,171.131,243.103
403.035,171.138,243.103
403.043,171.146,243.104
403.050,171.154,243.108
403.060,171.164,243.113
403.074,171.174,243.120
403.087,171.185,243.126
403.108,171.192,243.132
403.136,171.195,243.137
403.173,171.195,243.133
403.214,171.201,243.121
403.257,171.215,243.094
403.279,171.221,243.084
403.284,171.219,243.082
403.276,171.214,243.080
403.272,171.211,243.081
403.264,171.207,243.085
403.253,171.200,243.091
403.243,171.195,243.098
403.229,171.189,243.103
403.211,171.184,243.104
403.192,171.185,243.102
403.171,171.189,243.097
403.144,171.184,243.085
403.123,171.177,243.078
403.099,171.168,243.072
403.081,171.158,243.069
403.066,171.149,243.068
403.053,171.137,243.071
403.045,171.130,243.072
403.030,171.127,243.077
403.014,171.121,243.084
402.995,171.111,243.094
402.985,171.104,243.100
402.987,171.105,243.102
402.990,171.105,243.104
402.995,171.103,243.109
403.010,171.097,243.125
403.027,171.089,243.138
403.046,171.095,243.146
403.063,171.097,243.159
403.080,171.104,243.162
403.118,171.116,243.161
403.156,171.119,243.156
403.179,171.131,243.156
403.194,171.139,243.156
403.219,171.147,243.160
403.226,171.151,243.160
403.236,171.151,243.163
403.253,171.155,243.166
403.278,171.162,243.164
403.286,171.166,243.164
403.319,171.177,243.162
403.359,171.193,243.146
403.392,171.203,243.120
403.425,171.214,243.099
403.433,171.217,243.094
403.448,171.225,243.094
403.456,171.228,243.089
403.458,171.225,243.078
403.450,171.221,243.078
403.421,171.204,243.073
403.406,171.196,243.073
403.376,171.179,243.073
403.345,171.163,243.073
403.319,171.150,243.081
403.299,171.146,243.081
403.273,171.144,243.074
403.251,171.142,243.081
403.230,171.143,243.083
403.217,171.151,243.086
403.203,171.155,243.086
403.187,171.157,243.083
403.176,171.163,243.083
403.155,171.157,243.078
403.136,171.153,243.074
403.121,171.148,243.071
403.108,171.142,243.070
403.097,171.135,243.072
403.087,171.128,243.074
403.079,171.122,243.076
403.074,171.119,243.077
403.072,171.115,243.084
403.081,171.111,243.094
403.094,171.106,243.104
403.122,171.100,243.114
403.144,171.106,243.123
403.174,171.107,243.131
403.219,171.098,243.135
403.281,171.098,243.139
403.300,171.107,243.146
403.328,171.114,243.151
403.367,171.122,243.152
403.387,171.123,243.152
403.402,171.129,243.153
403.426,171.140,243.148
403.457,171.155,243.142
403.496,171.173,243.132
403.515,171.174,243.138
403.523,171.176,243.133
403.524,171.175,243.128
403.525,171.174,243.123
403.523,171.177,243.114
403.501,171.163,243.109
403.459,171.150,243.102
403.421,171.149,243.089
403.387,171.141,243.083
403.359,171.134,243.086
403.338,171.133,243.092
403.319,171.130,243.092
403.293,171.123,243.086
403.268,171.118,243.086
403.245,171.121,243.090
403.220,171.123,243.087
403.196,171.122,243.080
403.164,171.117,243.068
403.138,171.117,243.057
403.121,171.119,243.052
403.109,171.120,243.046
403.105,171.120,243.039
403.114,171.125,243.036
403.132,171.135,243.037
403.139,171.148,243.045
403.159,171.154,243.052
403.177,171.159,243.057
403.200,171.165,243.060
403.236,171.171,243.060
403.270,171.177,243.059
403.302,171.186,243.061
403.339,171.197,243.065
403.376,171.210,243.062
403.413,171.225,243.052
403.484,171.267,242.991
403.550,171.289,242.944
403.569,171.290,242.912
403.569,171.290,242.912
403.577,171.293,242.907
403.578,171.291,242.902
403.578,171.290,242.896
403.579,171.289,242.891
403.572,171.284,242.886
403.543,171.266,242.881
403.513,171.250,242.881
403.483,171.233,242.881
403.479,171.230,242.878
403.477,171.227,242.874
403.469,171.225,242.868
403.461,171.222,242.861
403.451,171.220,242.856
403.435,171.215,242.851
403.417,171.211,242.845
403.402,171.206,242.843
403.385,171.201,242.839
403.370,171.197,242.837
403.349,171.194,242.838
403.328,171.189,242.840
403.309,171.186,242.844
403.290,171.184,242.851
403.271,171.187,242.861
403.254,171.185,242.875
403.231,171.178,242.894
403.207,171.168,242.916
403.184,171.160,242.936
403.168,171.149,242.950
403.147,171.134,242.966
403.130,171.125,242.977
403.119,171.121,242.983
403.106,171.116,242.990
403.095,171.112,242.997
403.082,171.108,243.002
403.067,171.102,243.009
403.059,171.098,243.013
403.053,171.096,243.016
403.049,171.093,243.019
403.046,171.089,243.020
403.049,171.085,243.021
403.053,171.082,243.023
403.066,171.085,243.027
403.084,171.094,243.029
403.115,171.101,243.030
403.139,171.110,243.031
403.158,171.118,243.031
403.182,171.132,243.032
403.209,171.144,243.030
403.230,171.151,243.029
403.249,171.162,243.031
403.266,171.171,243.031
403.278,171.180,243.036
403.294,171.190,243.040
403.305,171.200,243.044
403.315,171.212,243.048
403.324,171.225,243.049
403.343,171.227,243.038
403.379,171.209,243.003
403.393,171.210,242.991
403.401,171.210,242.979
403.411,171.195,242.963
403.411,171.195,242.957
403.412,171.194,242.950
403.408,171.192,242.944
403.398,171.191,242.939
403.383,171.187,242.937
403.366,171.180,242.932
403.343,171.172,242.928
403.325,171.168,242.926
403.303,171.159,242.926
403.285,171.151,242.927
403.270,171.144,242.930
403.249,171.135,242.932
403.232,171.126,242.934
403.218,171.120,242.936
403.204,171.116,242.937
403.191,171.108,242.939
403.178,171.101,242.940
403.163,171.093,242.943
403.150,171.084,242.945
403.140,171.076,242.949
403.132,171.070,242.953
403.126,171.065,242.958
403.120,171.061,242.963
403.117,171.058,242.965
403.116,171.054,242.965
403.116,171.051,242.963
403.120,171.053,242.963
403.125,171.057,242.963
403.138,171.061,242.961
403.155,171.067,242.958
403.172,171.072,242.958
403.191,171.081,242.957
403.206,171.088,242.957
403.219,171.096,242.957
403.238,171.102,242.956
403.254,171.110,242.956
403.265,171.115,242.957
403.282,171.123,242.957
403.305,171.130,242.955
403.324,171.134,242.955
403.341,171.139,242.954
403.357,171.144,242.952
403.370,171.145,242.950
403.385,171.144,242.946
403.398,171.141,242.942
403.408,171.138,242.935
403.421,171.132,242.931
403.424,171.128,242.925
403.426,171.124,242.919
403.424,171.120,242.914
403.415,171.116,242.907
403.403,171.114,242.901
403.386,171.111,242.896
403.373,171.108,242.893
403.353,171.101,242.891
403.332,171.091,242.893
403.315,171.084,242.896
403.297,171.078,242.898
403.276,171.070,242.901
403.258,171.061,242.903
403.240,171.057,242.907
403.223,171.048,242.909
403.209,171.044,242.910
403.196,171.039,242.909
403.183,171.031,242.907
403.174,171.026,242.906
403.166,171.018,242.903
403.161,171.010,242.901
403.160,171.005,242.898
403.165,171.003,242.896
403.171,171.004,242.895
403.183,171.012,242.895
403.201,171.023,242.899
403.223,171.032,242.902
403.254,171.043,242.902
403.276,171.057,242.900
403.301,171.068,242.899
403.318,171.080,242.898
403.345,171.088,242.897
403.369,171.093,242.897
403.388,171.102,242.898
403.404,171.108,242.899
403.426,171.110,242.905
403.439,171.110,242.909
403.451,171.107,242.913
403.464,171.105,242.915
403.476,171.103,242.917
403.483,171.103,242.915
403.492,171.101,242.913
403.505,171.101,242.910
403.518,171.099,242.907
403.535,171.096,242.900
403.544,171.090,242.896
403.553,171.083,242.890
403.562,171.075,242.882
403.564,171.051,242.875
403.570,171.048,242.867
403.568,171.048,242.858
403.554,171.045,242.850
403.546,171.044,242.843
403.532,171.043,242.836
403.516,171.041,242.832
403.499,171.039,242.831
403.482,171.036,242.830
403.458,171.027,242.831
403.443,171.030,242.829
403.420,171.025,242.827
403.400,171.024,242.824
403.382,171.027,242.822
403.363,171.023,242.822
403.347,171.016,242.823
403.333,171.014,242.828
403.311,171.006,242.831
403.288,170.999,242.835
403.267,170.992,242.839
403.246,170.984,242.843
403.230,170.977,242.846
403.212,170.963,242.847
403.209,170.961,242.849
403.199,170.951,242.851
403.194,170.944,242.853
403.191,170.941,242.855
403.175,170.928,242.859
403.158,170.917,242.863
403.144,170.911,242.868
403.134,170.906,242.871
403.128,170.904,242.875
403.126,170.905,242.879
403.119,170.903,242.884
403.109,170.902,242.892
403.098,170.901,242.900
403.090,170.901,242.907
403.083,170.902,242.913
403.076,170.904,242.919
403.069,170.906,242.924
403.061,170.909,242.930
403.055,170.912,242.936
403.047,170.916,242.942
403.044,170.922,242.946
403.034,170.924,242.952
403.027,170.929,242.956
403.025,170.935,242.961
403.019,170.941,242.967
403.013,170.949,242.973
403.009,170.954,242.977
403.005,170.957,242.981
403.004,170.960,242.984
403.004,170.959,242.991
403.006,170.957,242.997
403.014,170.952,243.003
403.026,170.946,243.011
403.038,170.946,243.011
403.048,170.945,243.013
403.057,170.945,243.019
403.069,170.944,243.025
403.079,170.945,243.029
403.091,170.947,243.036
403.101,170.949,243.041
403.112,170.951,243.046
403.124,170.953,243.052
403.133,170.959,243.052
403.140,170.964,243.053
403.149,170.966,243.059
403.157,170.971,243.063
403.165,170.976,243.066
403.184,170.974,243.081
403.200,170.972,243.095
403.211,170.969,243.106
403.223,170.970,243.115
403.235,170.968,243.122
403.246,170.969,243.124
403.254,170.971,243.124
403.265,170.975,243.125
403.271,170.979,243.124
403.284,170.980,243.130
403.295,170.981,243.134
403.304,170.984,243.136
403.319,170.985,243.140
403.332,170.987,243.141
403.347,170.992,243.143
403.358,170.998,243.144
403.371,171.002,243.149
403.387,171.004,243.155
403.403,171.005,243.161
403.416,171.004,243.166
403.431,171.005,243.172
403.444,171.008,243.176
403.459,171.008,243.183
403.473,171.007,243.190
403.488,171.009,243.196
403.493,171.016,243.198
403.509,171.017,243.205
403.514,171.024,243.207
403.523,171.026,243.210
403.530,171.031,243.213
403.539,171.034,243.216
403.542,171.037,243.217
403.545,171.042,243.216
403.556,171.042,243.217
403.563,171.046,243.216
403.566,171.054,243.213
403.566,171.061,243.210
403.565,171.069,243.205
403.567,171.074,243.198
403.573,171.077,243.185
403.575,171.077,243.179
403.580,171.077,243.162
403.579,171.084,243.145
403.580,171.089,243.127
403.580,171.100,243.108
403.586,171.109,243.084
403.592,171.111,243.060
403.600,171.109,243.026
403.630,171.106,242.979
403.629,171.108,242.965
403.626,171.113,242.948
403.630,171.124,242.917
403.631,171.123,242.912
403.626,171.132,242.891
403.625,171.133,242.878
403.622,171.139,242.860
403.619,171.144,242.843
403.614,171.153,242.823
403.609,171.162,242.803
403.603,171.174,242.774
403.601,171.177,242.765
403.596,171.186,242.745
403.593,171.192,242.728
403.592,171.194,242.719
403.592,171.197,242.717
403.594,171.195,242.718
403.594,171.193,242.721
403.592,171.189,242.726
403.593,171.187,242.724
403.593,171.185,242.722
403.583,171.178,242.723
403.568,171.168,242.721
403.555,171.160,242.719
403.541,171.153,242.718
403.521,171.142,242.715
403.497,171.129,242.714
403.475,171.119,242.711
403.456,171.110,242.708
403.433,171.101,242.705
403.414,171.093,242.706
403.392,171.083,242.705
403.377,171.075,242.705
403.372,171.067,242.714
403.364,171.059,242.721
403.356,171.056,242.723
403.352,171.054,242.729
403.342,171.052,242.732
403.328,171.055,242.734
403.316,171.057,242.740
403.302,171.059,242.750
403.284,171.059,242.756
403.270,171.057,242.766
403.247,171.056,242.784
403.223,171.058,242.799
403.201,171.056,242.810
403.175,171.053,242.832
403.142,171.056,242.860
403.118,171.060,242.881
403.088,171.065,242.902
403.061,171.065,242.925
403.029,171.068,242.945
402.991,171.074,242.972
402.946,171.082,242.997
402.918,171.090,243.017
402.891,171.102,243.026
402.868,171.114,243.029
402.851,171.124,243.033
402.838,171.129,243.038
402.828,171.130,243.042
402.819,171.130,243.047
402.805,171.130,243.055
402.795,171.129,243.060
402.786,171.127,243.064
402.782,171.125,243.067
402.779,171.120,243.072
402.792,171.123,243.065
402.794,171.121,243.064
402.797,171.116,243.064
402.801,171.113,243.064
402.805,171.109,243.065
402.809,171.107,243.063
402.815,171.100,243.077
402.823,171.094,243.090
402.835,171.088,243.101
402.853,171.081,243.115
402.870,171.075,243.125
402.904,171.069,243.141
402.928,171.065,243.152
402.955,171.063,243.162
402.989,171.058,243.176
403.019,171.054,243.188
403.049,171.052,243.199
403.081,171.050,243.212
403.105,171.045,243.219
403.136,171.041,243.225
403.164,171.034,243.230
403.192,171.028,243.231
403.227,171.021,243.233
403.264,171.012,243.234
403.297,171.006,243.235
403.335,171.001,243.236
403.369,170.996,243.234
403.408,170.994,243.236
403.447,170.995,243.238
403.491,170.999,243.235
403.520,171.006,243.235
403.538,171.015,243.235
403.564,171.024,243.245
403.579,171.034,243.248
403.595,171.043,243.255
403.611,171.054,243.264
403.622,171.056,243.273
403.623,171.058,243.280
403.635,171.055,243.288
403.642,171.051,243.295
403.645,171.048,243.296
403.649,171.042,243.294
403.653,171.038,243.291
403.655,171.035,243.286
403.656,171.034,243.275
403.655,171.034,243.263
403.650,171.037,243.245
403.644,171.043,243.222
403.638,171.049,243.199
403.618,171.053,243.180
403.602,171.062,243.158
403.595,171.077,243.124
403.643,171.120,243.026
403.673,171.161,242.952
403.667,171.171,242.930
403.664,171.177,242.911
403.662,171.181,242.898
403.658,171.187,242.884
403.655,171.192,242.873
403.654,171.199,242.857
403.654,171.207,242.833
403.656,171.214,242.812
403.662,171.231,242.781
403.665,171.240,242.760
403.668,171.252,242.734
403.663,171.261,242.714
403.667,171.271,242.697
403.666,171.277,242.686
403.668,171.280,242.681
403.670,171.280,242.678
403.671,171.280,242.677
403.673,171.278,242.675
403.671,171.276,242.678
403.667,171.271,242.681
403.657,171.262,242.686
403.647,171.254,242.689
403.640,171.249,242.691
403.630,171.243,242.694
403.615,171.234,242.697
403.593,171.220,242.700
403.574,171.208,242.703
403.553,171.198,242.705
403.528,171.184,242.706
403.495,171.166,242.706
403.471,171.153,242.706
403.440,171.137,242.705
403.413,171.122,242.706
403.391,171.112,242.706
403.370,171.100,242.708
403.354,171.091,242.710
403.338,171.084,242.713
403.320,171.074,242.717
403.306,171.066,242.722
403.296,171.060,242.728
403.287,171.054,242.734
403.273,171.047,242.743
403.261,171.042,242.749
403.252,171.037,242.755
403.241,171.032,242.762
403.227,171.027,242.769
403.210,171.021,242.775
403.199,171.018,242.777
403.191,171.014,242.782
403.183,171.012,242.784
403.177,171.010,242.786
403.174,171.008,242.790
403.174,171.011,242.793
403.171,171.007,242.803
403.164,171.012,242.821
403.176,171.027,242.853
403.191,171.053,242.897
403.198,171.113,242.986
403.176,171.210,243.054
403.146,171.303,243.092
403.122,171.348,243.125
403.105,171.381,243.180
403.108,171.429,243.208
403.106,171.470,243.226
403.101,171.514,243.254
403.112,171.565,243.277
403.105,171.578,243.292
403.090,171.606,243.308
403.074,171.654,243.343
403.029,171.740,243.391
402.926,171.880,243.478
402.798,172.016,243.594
402.690,172.168,243.684
402.597,172.278,243.785
402.551,172.313,243.860
402.562,172.344,243.859
402.580,172.361,243.861
402.601,172.407,243.867
402.607,172.479,243.861
402.590,172.562,243.875
402.585,172.656,243.887
402.539,172.774,243.908
402.454,172.933,243.935
402.341,173.110,243.943
402.201,173.291,243.958
402.045,173.458,243.984
401.935,173.617,243.974
401.872,173.737,243.969
401.840,173.767,243.979
401.840,173.767,243.979
401.840,173.767,243.979
401.840,173.767,243.979
401.840,173.767,243.979
401.840,173.767,243.979
401.840,173.767,243.979
401.827,173.760,243.979
401.818,173.747,243.964
401.816,173.717,243.922
401.818,173.683,243.907
401.836,173.649,243.835
401.868,173.555,243.816
401.932,173.368,243.804
402.073,173.113,243.745
402.203,172.862,243.713
402.358,172.564,243.686
402.440,172.407,243.690
402.472,172.345,243.688
402.472,172.343,243.683
402.473,172.341,243.678
402.474,172.340,243.673
402.483,172.340,243.663
402.484,172.338,243.658
402.485,172.337,243.653
402.485,172.337,243.653
402.485,172.337,243.653
402.486,172.335,243.648
402.487,172.333,243.642
402.485,172.336,243.635
402.487,172.332,243.624
402.487,172.332,243.624
402.486,172.335,243.616
402.488,172.347,243.598
402.491,172.360,243.579
402.496,172.366,243.571
402.503,172.370,243.571
402.509,172.376,243.564
402.509,172.376,243.564
402.509,172.376,243.564
402.510,172.374,243.558
402.510,172.374,243.558
402.510,172.374,243.558
402.509,172.377,243.551
402.508,172.379,243.543
402.508,172.379,243.543
402.508,172.379,243.543
402.506,172.382,243.535
402.498,172.380,243.527
402.495,172.387,243.516
402.493,172.389,243.508
402.493,172.390,243.495
402.475,172.389,243.485
402.466,172.390,243.482
402.466,172.391,243.469
402.464,172.393,243.461
402.463,172.396,243.453
402.462,172.398,243.445
402.463,172.397,243.440
402.461,172.399,243.432
402.461,172.399,243.432
402.461,172.399,243.432
402.469,172.401,243.427
402.469,172.401,243.427
402.475,172.407,243.419
402.483,172.409,243.414
402.483,172.409,243.414
402.483,172.409,243.414
402.483,172.409,243.414
402.483,172.409,243.414
402.483,172.409,243.414
402.483,172.409,243.414
402.483,172.409,243.414
402.483,172.409,243.414
402.483,172.409,243.414
402.483,172.409,243.414
402.483,172.409,243.414
402.483,172.409,243.414
402.483,172.409,243.414
402.483,172.409,243.414
402.483,172.409,243.414
402.469,172.402,243.414
402.448,172.391,243.414
402.419,172.376,243.414
402.396,172.370,243.412
402.385,172.374,243.406
402.385,172.374,243.406
402.385,172.374,243.406
402.383,172.378,243.403
402.381,172.383,243.401
402.381,172.383,243.401
402.381,172.383,243.401
402.376,172.391,243.395
402.376,172.391,243.395
402.376,172.391,243.395
402.376,172.391,243.395
402.374,172.395,243.392
402.375,172.393,243.387
402.375,172.393,243.387
402.375,172.393,243.387
402.375,172.393,243.387
402.382,172.397,243.387
402.383,172.395,243.382
402.384,172.394,243.377
402.385,172.392,243.372
402.392,172.396,243.372
402.407,172.401,243.367
402.421,172.407,243.362
402.444,172.415,243.351
402.452,172.417,243.346
402.461,172.417,243.336
402.462,172.415,243.331
402.470,172.418,243.326
402.470,172.416,243.321
402.470,172.416,243.321
402.470,172.416,243.321
402.471,172.414,243.316
402.471,172.414,243.316
402.471,172.414,243.316
402.471,172.414,243.316
402.471,172.414,243.316
402.471,172.414,243.316
402.471,172.414,243.316
402.471,172.414,243.316
402.471,172.414,243.316
402.471,172.414,243.316
402.471,172.414,243.316
402.466,172.425,243.302
402.460,172.454,243.286
402.440,172.491,243.261
402.427,172.516,243.245
402.427,172.516,243.245
402.427,172.516,243.245
402.427,172.516,243.245
402.427,172.516,243.245
402.427,172.516,243.245
402.427,172.516,243.245
402.427,172.516,243.245
402.427,172.516,243.245
402.427,172.516,243.245
402.427,172.516,243.245
402.425,172.537,243.234
402.419,172.566,243.218
402.410,172.582,243.208
402.408,172.587,243.205
402.408,172.587,243.205
402.404,172.595,243.200
402.401,172.599,243.197
402.399,172.603,243.194
402.399,172.603,243.194
402.399,172.603,243.194
402.399,172.603,243.194
402.399,172.603,243.194
402.399,172.603,243.194
402.399,172.603,243.194
402.396,172.610,243.184
402.396,172.626,243.176
402.417,172.637,243.176
402.442,172.656,243.173
402.463,172.667,243.173
402.473,172.699,243.160
402.455,172.765,243.123
402.411,172.850,243.072
402.351,172.961,243.011
402.294,173.069,242.966
402.264,173.126,242.939
402.232,173.186,242.905
402.187,173.269,242.865
402.116,173.371,242.824
401.994,173.491,242.813
401.833,173.670,242.803
401.677,173.827,242.824
401.485,173.980,242.849
401.271,174.245,242.789
401.041,174.516,242.715
400.815,174.710,242.657
400.547,174.879,242.613
400.201,175.040,242.601
399.763,175.196,242.587
398.967,175.477,242.473
397.384,175.991,242.340
396.660,176.266,242.287
396.089,176.511,242.261
395.576,176.756,242.241
395.123,177.118,242.223
394.715,177.554,242.213
394.309,178.008,242.198
393.859,178.498,242.141
393.473,178.921,242.128
393.288,179.336,242.124
393.282,179.737,242.020
393.368,180.187,241.781
393.487,180.732,241.475
393.649,181.093,241.302
393.732,181.123,241.341
393.755,181.170,241.391
393.760,181.246,241.432
393.663,181.332,241.437
393.632,181.416,241.445
393.556,181.487,241.458
393.556,181.487,241.458
393.556,181.487,241.458
393.556,181.487,241.458
393.556,181.487,241.458
393.556,181.487,241.458
393.556,181.487,241.458
393.556,181.487,241.458
393.556,181.487,241.458
393.556,181.487,241.458
393.556,181.487,241.458
393.556,181.487,241.458
393.556,181.487,241.458
393.556,181.487,241.458
393.556,181.487,241.458
393.556,181.487,241.458
393.556,181.487,241.458
393.556,181.487,241.458
393.556,181.487,241.458
393.556,181.487,241.458
393.556,181.487,241.458
393.556,181.487,241.458
393.556,181.487,241.458
393.556,181.487,241.458
393.556,181.487,241.458
393.556,181.487,241.458
393.556,181.487,241.458
393.556,181.487,241.458
393.556,181.487,241.458
393.556,181.487,241.458
393.556,181.487,241.458
393.556,181.487,241.458
393.556,181.487,241.458
393.556,181.487,241.458
393.556,181.487,241.458
393.556,181.487,241.458
393.556,181.487,241.458
393.556,181.487,241.458
393.556,181.487,241.458
393.556,181.487,241.458
393.556,181.487,241.458
393.556,181.487,241.458
393.556,181.487,241.458
393.556,181.487,241.458
393.556,181.487,241.458
393.556,181.487,241.458
393.556,181.487,241.458
393.556,181.487,241.458
393.556,181.487,241.458
393.556,181.487,241.458
393.556,181.487,241.458
393.556,181.487,241.458
393.556,181.487,241.458
393.556,181.487,241.458
393.556,181.487,241.458
393.556,181.487,241.458
393.556,181.487,241.458
393.556,181.487,241.458
393.556,181.487,241.458
393.556,181.487,241.458
393.556,181.487,241.458
393.556,181.487,241.458
393.556,181.487,241.458
393.556,181.487,241.458
393.556,181.487,241.458
393.556,181.487,241.458
393.556,181.487,241.458
393.556,181.487,241.458
393.556,181.487,241.458
393.556,181.487,241.458
393.556,181.487,241.458
393.556,181.487,241.458
393.556,181.487,241.458
393.556,181.487,241.458
393.556,181.487,241.458
393.556,181.487,241.458
393.556,181.487,241.458
393.556,181.487,241.458
393.556,181.487,241.458
393.556,181.487,241.458
393.556,181.487,241.458
393.556,181.487,241.458
393.556,181.487,241.458
393.556,181.487,241.458
393.556,181.487,241.458
393.556,181.487,241.458
393.556,181.487,241.458
393.556,181.487,241.458
393.556,181.487,241.458
393.556,181.487,241.458
393.556,181.487,241.458
393.556,181.487,241.458
393.556,181.487,241.458
393.556,181.487,241.458
393.556,181.487,241.458
393.556,181.487,241.458
393.556,181.487,241.458
393.556,181.487,241.458
393.556,181.487,241.458
393.556,181.487,241.458
